4814
8930
1509
794
9115
2247
6246
1371
8313
3026
2935
3521
9560
2769
4739
4254
5657
6388
6599
305
6433
7770
4146
1085
7199
3469
8548
6984
2862
4286
5103
4078
3767
4175
3613
1016
643
3218
3363
8042
5001
495
4971
6014
2225
4945
9929
6802
7936
8043
6945
4263
8403
3264
2430
3592
9170
8257
2214
8077
409
1797
6782
8081
9963
2426
5176
9123
8136
3833
6642
5900
3630
6226
3157
5976
3503
2697
2020
8629
6575
6920
4275
6419
4540
4341
8085
641
5040
1958
4122
9016
3168
2524
4750
7616
8847
1695
8240
8471
9040
5827
541
2261
1749
266
2211
2601
6292
7056
6954
6341
2364
1624
5277
89
4312
2674
4465
6373
8040
1235
3968
9844
8238
2209
3262
523
9666
7058
2967
9620
5823
602
5196
5214
9933
749
8866
6705
8306
7550
7855
4725
9489
2953
3947
1193
4609
9047
9037
4427
8108
1419
5612
3715
3766
7153
4072
2983
48
2524
1301
9334
1527
4935
1213
95
9654
6449
6040
584
543
4815
1624
5850
4153
6836
9242
5323
7963
5501
2795
9351
1160
1109
8225
7636
9518
25
4585
4145
429
8090
9745
3839
8917
8245
5542
7532
5347
2349
767
691
8319
6936
7286
3689
1509
4033
4494
2417
4736
3123
7180
8985
4337
4225
4832
8044
5494
5902
6542
1171
4202
1675
7911
881
6908
9957
371
330
5591
4860
513
8243
8788
3199
2442
71
3097
3743
5803
4171
6609
3121
2706
1403
5178
7848
4282
7304
8324
7441
1807
1307
498
5970
8859
8774
8528
5265
2789
5927
7835
7735
7858
628
2194
4849
4234
9765
3583
9050
7936
8348
6604
8544
7600
9057
1278
4743
1684
948
9649
3593
5575
972
2903
9233
7710
7219
1981
9881
6836
5181
9205
4430
7646
3901
1647
9359
4294
1074
2438
8348
2255
3165
6099
9134
7340
1352
1029
3945
9210
9406
3723
6200
2653
6269
8965
6018
3921
5267
1118
4376
2953
2467
8069
6172
4171
4508
7263
6352
8894
3436
4046
8483
9501
1580
9162
2629
466
5880
1333
6310
3949
2624
4010
9227
9943
2345
8185
9431
9692
9225
8671
9225
2224
3861
9856
7722
9603
8966
8497
9061
7637
4747
548
4976
7280
5627
9326
7044
2413
3957
5141
6315
1226
1546
5067
3756
6609
8391
5127
1783
2625
1703
5950
1776
9253
3102
4077
4882
1114
3316
2729
2125
1521
6500
5251
2417
8143
2402
7587
6450
4133
6835
1087
5135
2043
4126
274
7759
5910
9609
2457
8611
4656
4731
1636
6082
2088
2495
7723
4599
6217
968
1532
3670
7866
4012
5154
7558
9352
9829
1988
5682
2032
1724
2033
929
2141
8347
4891
8652
1167
908
9550
6887
1765
4856
2742
8306
6442
1341
7374
5312
840
86
5038
7012
9981
9210
5011
8891
2537
3589
4396
3469
4876
1521
5954
8862
4745
7116
4589
3672
7683
1098
8262
2451
4228
8292
581
3249
2690
3107
4191
2492
6263
5496
7046
3184
2222
8085
9640
4124
4184
4574
8699
3218
901
8220
8522
9254
2706
2894
9210
3047
494
2541
3543
5715
9038
4259
8683
6280
9835
2978
2551
9768
6501
272
7445
8938
512
6892
2428
3466
4152
3963
3277
729
103
8994
9128
1061
3161
7927
8039
4406
6991
6367
8358
5853
9785
7041
5219
7022
6586
8443
7560
8957
8809
2684
3580
2798
3885
9538
223
701
5550
9979
6924
3475
9552
3879
9120
5642
8587
3367
6451
5462
8069
3245
1334
2816
815
7473
489
1341
3648
155
4671
9117
9904
4882
8807
7669
4510
6075
3758
7122
4645
5259
7053
8353
7275
7889
9606
3541
2398
3567
6095
8206
7968
6653
6879
8588
5797
2438
4731
8158
1804
6634
1419
3089
9402
7763
143
5343
4670
9152
9218
2761
4749
9635
2412
5355
9824
685
1112
4048
7287
4324
6655
2189
9737
4110
5390
4489
7029
3404
9456
9571
5022
5386
2089
4999
4875
9550
2561
144
2051
1977
4744
8975
9399
2587
8861
7532
8349
9350
1068
5028
324
973
2243
4870
1054
7946
2157
6318
3033
8500
1735
462
6314
1719
5336
2978
1262
9402
4643
3619
6872
6225
8233
6235
5568
3798
2528
2629
1765
9812
2904
8668
4093
7121
2005
5268
9393
195
2468
573
8475
7859
2205
2016
2855
203
2234
6289
5460
5095
2885
3453
9395
6551
9158
2286
7973
1778
2705
9741
2864
7873
6910
9811
302
1693
4422
2347
1356
9420
1787
7045
9579
4077
3752
7250
1947
4255
4905
9769
896
7691
7190
2401
831
5480
9823
7704
1571
1414
4517
9771
7206
3316
6299
3519
3080
7661
7108
5230
55
1234
154
5785
9912
6507
2723
5290
9516
3468
1294
9597
3896
3599
3785
7286
7333
7665
3001
8473
8125
8590
519
2645
8298
5338
495
8110
7507
5358
1650
8152
3535
5523
6422
5911
5570
2433
5519
8527
6381
1991
9736
9027
4754
6770
5658
3592
2225
3995
7020
6994
4688
7041
4461
1954
8688
573
710
7158
1839
3767
8441
816
9390
4703
6114
3380
2702
7113
9316
2312
7126
1967
5875
9446
5665
9213
9974
7652
3334
593
2670
6036
939
3121
8646
6228
253
9374
8083
4758
8815
1517
3593
483
3540
7923
8024
386
1523
8654
6531
7823
1783
5502
7286
2850
9167
553
3515
4848
8158
1604
6300
6535
6264
2143
26
4271
4261
8697
4451
3240
894
6489
9366
2469
5223
696
2544
7041
3799
793
1184
8025
9434
1124
3094
3111
1974
2397
9772
4427
3255
5642
7460
8056
9361
936
4951
1552
7117
7616
5544
5053
6033
4088
6459
3229
981
1804
8427
2374
1390
7060
2244
8538
6395
2171
7003
1551
547
9448
2176
313
3586
9671
6443
8331
3134
2991
8117
1688
8895
1650
8160
6473
6793
343
9697
4633
5142
7712
4440
2925
4493
9525
1765
4099
229
4979
4766
5347
8037
4102
1059
5554
3208
9105
9822
3171
5395
4002
8243
9989
7956
6980
9704
6693
6104
258
9708
7128
1987
2366
2757
7814
4977
1918
3614
5750
859
7841
410
21
3859
7798
336
2808
9968
6937
609
9354
6153
364
4480
8005
5183
9062
6289
9033
5739
4033
6102
981
3144
2541
9860
8223
7944
4593
9937
796
8435
988
3461
988
3220
6840
7939
2535
2914
3082
1134
9174
6550
5679
6895
8772
5561
9434
190
2996
7495
129
6321
9667
9286
826
3918
5340
4325
5112
3563
7992
4981
7704
3391
1707
2010
8066
5378
5327
4518
8567
8947
4806
2091
1319
4760
8178
5692
8654
6912
4793
1839
6640
9980
3272
5942
8578
5074
6733
4076
4244
248
5281
1684
9021
4812
4579
7969
3401
8185
6979
5672
9627
6091
3911
2907
514
5618
6040
8832
1888
4792
3161
2208
606
6868
3710
6040
3398
303
9447
5426
4846
9991
9313
5919
5758
2721
9973
9132
2
9980
977
1750
8129
6451
292
5569
4882
762
9049
7940
7312
778
8809
3130
3670
6459
7185
1717
4904
3494
1320
5599
2811
1243
4919
3461
6762
845
7155
9755
8263
9026
764
4090
187
8033
1969
2929
7453
6179
1328
4112
9333
9796
361
2619
5610
5973
2312
5697
739
8678
8739
5696
153
9077
6581
8874
3689
7848
2301
5298
4035
8848
1288
5702
7231
622
4418
7859
1615
1007
5086
8293
2726
3846
2650
8095
1943
6505
490
7376
239
3365
606
423
2563
6693
8033
1903
8175
8984
5152
3905
7907
613
2327
7215
6624
238
8205
5313
6830
8985
7290
4682
1352
2436
3553
4232
1980
1888
9179
3839
9271
697
7717
6994
5075
7345
2642
1091
5028
1521
735
9944
2797
4306
268
6260
3555
3609
3049
5000
5481
8576
2685
3068
9750
7222
4900
546
4321
7079
4815
6825
753
797
7163
1065
8591
7886
6881
8266
1499
5924
3317
5932
8066
7609
1622
3561
3315
7689
5635
7885
4149
7922
9523
3604
5280
461
6382
7825
5456
5720
5390
7240
1751
8528
9550
6914
5499
7909
8418
3701
3461
9337
2661
7665
9043
739
7352
2406
4533
5853
2450
3074
2824
2189
9668
5977
9282
3313
9285
8236
4776
7609
7039
3990
7730
749
9957
4124
1167
9131
1451
2240
5168
5431
66
4318
2523
2624
3155
458
6623
4163
3050
3093
9034
6229
2251
2584
9587
9371
2706
8008
8623
1495
5287
6377
3398
7578
9444
5882
5056
5362
9033
1534
3249
6481
2320
6404
2736
1930
7208
5277
807
2800
5001
5022
9832
9571
8565
5560
3606
3572
9872
3048
7344
460
8093
1038
5588
3144
5029
3740
306
838
5207
9770
9156
879
7463
490
64
8969
6973
6560
8378
8199
5653
3351
556
7441
1108
3508
6298
1125
1013
3699
5294
4019
4242
3838
1176
9473
5278
4165
9268
6306
9114
7577
9063
4337
7567
1085
3135
2287
6235
4647
5963
1067
3832
9461
9878
7098
1294
3148
2013
9801
2933
4274
1939
8571
4053
8930
1188
7728
9853
957
7516
642
59
3766
1950
1505
1650
3918
7569
5271
6230
9784
6390
1533
2555
6894
5826
6660
9066
9852
4483
5896
7326
3640
9687
8400
6170
3314
5702
1748
6849
5551
5608
6239
9805
8985
9646
7460
3403
8123
6661
888
1582
7644
5208
3331
9064
5923
8269
2582
3628
7648
1521
7629
2649
4270
4748
7353
8318
5777
9581
9156
5934
4619
3278
2619
4039
1520
8480
1100
9395
9877
1671
4371
7003
8519
1699
4653
7133
5872
9253
8370
1591
1667
613
6297
6980
6119
1699
2311
3517
8942
1818
7142
7852
5899
4170
9533
7046
7079
314
1892
6808
1453
8648
2142
9737
7553
3248
5435
9212
9468
3559
8723
9469
5277
3268
6871
9647
3516
1665
3935
1145
8190
2024
2839
3008
2040
3741
7685
4142
6643
2073
3303
2686
875
5492
3500
7593
3532
7353
3849
816
7088
2769
7181
284
8916
2156
9249
8175
6508
4753
1369
6513
4083
4274
1173
4779
2272
9760
8902
5697
3627
5721
8815
9492
8901
1977
4578
3707
3784
1267
3554
1635
1715
3192
3795
6591
8211
9589
6790
753
8888
8472
9425
3414
512
2707
2686
841
1811
498
352
4883
7564
4215
1897
8127
7213
3354
812
9676
9272
9180
1154
7727
9947
7476
641
3010
4426
8904
7314
4840
2201
1525
4008
9852
5918
2778
3610
4106
425
4208
6901
3309
1607
3260
5687
2652
8007
3646
1547
6583
4644
4899
1300
6260
6137
5321
3136
8069
320
6317
2329
5610
6990
85
6085
6231
8967
6223
7445
3663
639
1459
264
8625
8465
3032
4058
256
9229
8915
657
4928
3054
9078
5415
8142
6950
4621
5142
8556
7234
3823
8222
8173
1377
6302
8863
580
1372
9699
7384
6061
5479
2998
335
494
6812
1286
2446
5285
5589
7233
1412
4789
3189
6428
7021
2502
888
7533
365
896
2723
8070
1724
7426
1336
1317
8592
3835
476
933
6326
7367
1676
3930
1637
2690
172
5074
1095
2903
6700
2768
2081
6626
6963
2267
309
8054
5164
1374
9720
4589
6562
6394
901
1365
506
8307
3806
893
5556
8859
5689
9044
5997
9156
440
6831
575
9781
5559
1516
5608
1890
5504
7103
6603
7357
9921
8914
8878
8542
5329
9804
1942
6415
8366
3801
1320
1874
9435
2673
8202
6448
2195
6076
4059
757
2855
1991
6244
2961
8900
9320
8168
3297
3969
7319
6980
7023
2002
6060
7435
2136
3299
5403
4674
1491
1175
6406
183
5369
8022
7241
4844
7872
8714
1659
7338
6589
143
9051
4552
4797
2947
1898
4137
8906
310
6402
9822
7025
2681
6001
7426
6585
2230
7046
2490
4858
2389
9359
7643
3388
8364
4589
1278
8024
4323
5430
131
1011
4280
8347
4712
7946
2341
4683
9341
5565
1447
597
1662
4455
6959
7595
6679
8371
7517
9991
3721
846
8663
4093
6564
4247
182
7811
2136
7490
3878
2938
8050
1319
516
5894
5159
2384
8286
337
423
3464
1659
5963
7838
6521
4396
3789
4334
5567
2092
9381
6180
912
8497
3486
1468
6014
1177
666
4817
9126
4687
8783
7851
8965
6128
6891
500
7277
7502
1770
6291
9433
588
7474
9699
4213
7657
5890
8880
1604
5530
5174
1783
7048
5159
6166
68
768
2641
4096
9542
5053
6893
7634
7780
9846
6046
377
4433
2860
2937
1055
9861
752
3141
2703
7772
1376
2709
6752
4339
3838
507
1688
4998
4492
6764
4460
2542
7166
1089
6531
9030
43
2558
3183
7387
8125
8823
5768
3142
1620
9147
4991
7902
1377
6136
262
5038
8810
6273
4612
949
3705
9313
7417
7208
9328
8066
3650
8635
6891
1606
2770
4595
8504
3245
1391
1264
1678
4613
3281
152
7327
900
360
4800
6310
706
8286
2230
2462
9551
528
878
9433
9255
8746
2838
4811
8483
86
3036
2294
3005
5361
2161
2453
9214
9533
933
1957
6674
7199
8002
1878
3524
7463
3251
5917
2642
7568
6022
7044
5626
5637
1522
1879
8784
8991
9857
8976
4888
8192
6599
6015
3407
4458
1369
4784
4985
9282
1596
6322
4086
9763
74
9357
8488
4811
6594
4997
9978
4960
255
3553
7463
7336
9043
1238
6564
2005
9798
7658
2940
8021
9575
691
3676
355
8864
2490
4577
4275
9108
5771
5918
173
9132
2916
7418
4151
9767
1469
3500
8563
3639
3148
6207
1662
2716
7718
1798
3107
6683
7781
1785
7528
2416
9363
1940
4162
4856
9175
6864
4012
3295
3657
4424
2004
9428
9669
5244
3625
663
7908
1278
8466
9366
5611
5475
7445
220
9691
9139
4870
6946
12
3426
3038
1028
600
2002
2220
5908
2429
3908
566
5527
6750
2180
224
9401
5066
3729
4165
7982
7176
1400
6563
3940
8445
5194
6498
5197
8649
3496
560
2926
1029
2730
7724
763
3262
9566
6268
6941
6221
8165
1225
3209
5330
1212
2394
3939
9970
9879
4464
5184
4379
7518
9019
2950
1087
9744
9402
506
22
255
5203
4301
2802
1989
9062
327
9474
1970
9646
6237
4995
6737
4219
9104
7312
3012
1300
3368
1641
2248
9445
8122
747
6548
3728
9257
3862
4256
5503
6145
9012
3020
5661
28
65
9940
7658
9876
9360
6049
1616
5714
1565
9642
4893
3261
445
3608
8073
9260
8579
6204
4201
5551
8585
9241
8978
1937
321
6580
5851
8049
7600
2070
2434
7602
8349
7123
5570
1853
5660
8590
3169
1243
1643
7613
1175
1007
3471
8230
6830
1902
2738
2372
2566
3689
9631
2964
416
1020
3549
4273
8804
2830
1805
550
1420
6586
1986
6078
9392
7185
8220
3085
5270
7292
7007
5374
5275
4258
995
188
8700
3680
9585
4592
7580
6709
4523
3569
4573
6962
9913
5083
1241
8803
9046
6082
5862
1548
1579
8696
6798
2142
6063
2085
2375
2811
4476
732
9602
7617
9696
6412
7206
1695
5356
2567
1452
7350
7449
1136
1407
5701
1608
9269
3647
8725
5054
2419
8151
5794
8644
7440
6071
4019
7931
6539
9102
4420
4581
7990
2101
12
6486
5524
9580
7339
4064
1659
6343
1143
2765
8230
1594
2310
3761
8895
6215
4319
4201
6120
717
5971
4279
8148
2871
7229
2934
8479
7843
9550
9937
2075
2216
8733
126
2369
9555
26
793
2211
8722
1801
2541
5135
4149
8320
8432
8728
8062
2350
3070
3847
1140
2440
8268
8832
4230
1902
9621
5655
7944
6303
4139
331
9882
1830
9945
9311
1609
1422
1514
1300
51
667
7161
4815
6604
1315
8288
4112
6437
2301
8434
4138
9903
9255
5354
6972
8638
920
9884
6231
6311
3191
3381
1169
2287
5179
8258
9229
1247
8216
1869
7691
7384
136
9627
9113
8653
7662
4065
4705
6729
5822
6333
2581
7719
4717
745
759
8630
1425
6141
4376
6851
3718
8930
9229
2570
7975
1451
7340
8720
186
4546
1313
6473
9554
9982
1446
1423
4832
4799
1672
6955
1201
86
4507
1791
4130
5822
3959
8522
5218
7067
3522
2449
3133
4665
4149
2681
2552
8690
3721
6288
4377
2277
6814
1236
9210
4835
8504
2211
294
2962
309
74
6477
4653
4863
1627
563
9474
7249
6484
8623
3713
7086
1200
9449
674
7734
9363
7041
6743
4515
7598
5265
5778
4767
6826
5694
1266
4485
6169
5772
3857
2943
3066
1842
4587
8921
305
3458
8524
7294
3114
9076
1179
2004
4062
7471
2125
8619
6464
6687
7005
8336
1939
5600
7389
1242
9711
4511
6556
2510
3258
8254
3841
2522
7007
172
3403
2628
6972
4674
3659
4349
2488
1361
5568
3601
6576
143
9308
1788
3511
1215
9747
9837
5104
196
6404
9021
3225
6608
1349
4594
4931
6676
2211
535
1046
3259
4569
3430
7470
5657
6240
3860
3729
8180
870
5772
8255
3869
3337
3862
7296
2130
5061
5917
1179
5589
8596
2089
3768
345
8980
405
5684
2879
3150
1031
8322
9186
3860
9349
4610
9626
7598
9800
3561
9371
7013
5303
5966
1291
7700
4427
9334
408
8123
4741
1781
4409
6830
3418
4436
3496
793
7119
2271
4773
2443
4254
6259
8809
9698
3135
7801
7506
2920
755
807
6326
2644
127
1037
4030
4245
2799
1321
1132
5978
7795
1218
358
2766
8253
9805
6260
139
2607
6230
160
8489
9108
7901
1763
9692
6728
6790
7228
156
2594
4945
8931
2241
8984
7592
39
7015
1988
2838
4012
6723
508
5736
4599
946
3530
9811
7325
5826
3709
7223
4864
7627
4393
5868
1305
1846
3029
9007
3277
290
1913
4619
9537
7756
3516
7755
5744
1455
875
4691
970
5023
3272
5292
9958
1434
5303
5241
3549
7491
5053
3354
551
5689
9590
3674
3727
3415
8745
5811
8286
8047
9092
7122
9234
5397
2256
4473
3486
2268
90
6139
9348
888
9563
6331
4560
6467
7117
2316
7246
6668
1256
6284
9182
1803
187
3335
2760
9515
1579
513
8487
882
7707
1401
5783
8291
6744
5595
8939
9401
8574
228
4267
5598
2368
7710
7490
4305
1651
5504
5676
1575
4759
4245
2580
1854
545
6608
9411
6758
5898
9588
9613
4983
5539
1372
8095
9647
9653
6925
1937
3165
9070
5382
5333
7228
9203
2759
160
1819
634
1169
3725
2196
5407
8419
8756
8225
5325
3629
5888
3770
9489
9997
9403
3281
